# Created by Octave 3.4.3, Tue Jun 05 00:41:36 2012 India Standard Time <unknown@unknown>
# name: yourPredictions
# type: matrix
# rows: 90
# columns: 1
 2
 3
 2
 2
 2
 2
 1
 2
 2
 2
 1
 1
 3
 1
 1
 1
 3
 1
 2
 2
 2
 3
 2
 3
 1
 2
 2
 1
 3
 1
 1
 1
 3
 1
 2
 2
 3
 1
 1
 1
 3
 2
 2
 2
 3
 1
 2
 1
 3
 3
 1
 3
 2
 2
 2
 1
 2
 2
 3
 2
 3
 3
 1
 1
 1
 2
 2
 3
 3
 2
 3
 1
 3
 1
 2
 3
 1
 3
 3
 3
 1
 1
 1
 2
 2
 3
 2
 2
 1
 2


