# Created by Octave 3.4.3, Wed May 02 21:39:23 2012 India Standard Time <unknown@unknown>
# name: F
# type: scalar struct
# ndims: 2
 1 1
# length: 3
# name: var
# type: scalar
2


# name: card
# type: scalar
2


# name: val
# type: matrix
# rows: 1
# columns: 2
 0 1




# name: F1
# type: scalar struct
# ndims: 2
 1 1
# length: 3
# name: var
# type: matrix
# rows: 1
# columns: 2
 2 3


# name: card
# type: matrix
# rows: 1
# columns: 2
 2 3


# name: val
# type: matrix
# rows: 1
# columns: 6
 1 0 0 1 0 1




# name: I
# type: scalar struct
# ndims: 2
 1 1
# length: 4
# name: RandomFactors
# type: struct
# ndims: 2
 1 2
# length: 3
# name: var
# type: cell
# rows: 1
# columns: 2
# name: <cell-element>
# type: scalar
1



# name: <cell-element>
# type: matrix
# rows: 1
# columns: 2
 1 3





# name: card
# type: cell
# rows: 1
# columns: 2
# name: <cell-element>
# type: scalar
3



# name: <cell-element>
# type: matrix
# rows: 1
# columns: 2
 3 3





# name: val
# type: cell
# rows: 1
# columns: 2
# name: <cell-element>
# type: matrix
# rows: 1
# columns: 3
 0.5 0.3 0.2



# name: <cell-element>
# type: matrix
# rows: 1
# columns: 9
 0.6 0.3 0.1 0.3 0.4 0.4 0.1 0.3 0.5







# name: ActionFactors
# type: scalar struct
# ndims: 2
 1 1
# length: 3
# name: var
# type: scalar
2


# name: card
# type: scalar
2


# name: val
# type: matrix
# rows: 1
# columns: 2
 1 0




# name: UtilityFactors
# type: scalar struct
# ndims: 2
 1 1
# length: 3
# name: var
# type: matrix
# rows: 1
# columns: 2
 1 2


# name: card
# type: matrix
# rows: 1
# columns: 2
 3 2


# name: val
# type: matrix
# rows: 1
# columns: 6
 0 0 0 -7 5 20




# name: DecisionFactors
# type: scalar struct
# ndims: 2
 1 1
# length: 3
# name: var
# type: matrix
# rows: 1
# columns: 2
 2 3


# name: card
# type: matrix
# rows: 1
# columns: 2
 2 3


# name: val
# type: matrix
# rows: 1
# columns: 6
 1 0 0 1 0 1






# name: M
# type: scalar struct
# ndims: 2
 1 1
# length: 3
# name: var
# type: scalar
1


# name: card
# type: scalar
3


# name: val
# type: matrix
# rows: 1
# columns: 3
 0.5 0.3 0.2




# name: S
# type: scalar struct
# ndims: 2
 1 1
# length: 3
# name: var
# type: matrix
# rows: 1
# columns: 2
 1 3


# name: card
# type: matrix
# rows: 1
# columns: 2
 3 3


# name: val
# type: matrix
# rows: 1
# columns: 9
 0.6 0.3 0.1 0.3 0.4 0.4 0.1 0.3 0.5




# name: U
# type: scalar struct
# ndims: 2
 1 1
# length: 3
# name: var
# type: matrix
# rows: 1
# columns: 2
 1 2


# name: card
# type: matrix
# rows: 1
# columns: 2
 3 2


# name: val
# type: matrix
# rows: 1
# columns: 6
 0 0 0 -7 5 20




